0,0.0,0.0,0.0,0.0,0.0,0.0,0.0,0.0,0.0,0.0
15,0.107502012934,0.155711854358,0.165396689265,0.171647547643,0.1670639806,0.180806972041,0.179179746704,0.171624715573,0.178530087947,0.179182945747
30,0.636352353483,0.622493824888,0.624765960978,0.622503127011,0.627146131181,0.622497368875,0.620214951179,0.631652192405,0.633999363543,0.615656115295
45,0.951524093144,1.07854893265,1.07735260098,1.06316593986,1.02814084554,1.05664372588,1.0336610036,0.99320709225,1.03678290718,1.03903760494
60,1.44740992008,1.47294236331,1.46465176219,1.46334097276,1.48933703407,1.52874984988,1.45872878769,1.46244647503,1.42427062735,1.4206827734
75,1.87900026721,1.87674260827,1.8949902774,1.92727822938,1.92236800327,1.84921230683,1.85577321311,1.82211171106,1.88119154741,1.87001362618
90,2.11688203792,2.30646414001,2.30017532117,2.35453503456,2.26116553675,2.23147209334,2.27708388531,2.27646752203,2.30012622531,2.27943403177
105,2.6456212885,2.72700780868,2.72096124634,2.65486451133,2.6387649349,2.69141057052,2.71758472352,2.72582123634,2.78049246064,2.67364204252
120,2.95116644129,3.09561386015,3.08769699886,3.12857377216,3.1931410962,3.10317794028,3.04845394226,3.09433659316,3.09414287627,3.12649258604
135,3.51453002633,3.5115261415,3.44669502625,3.51226710412,3.52320547966,3.56786613383,3.55842255384,3.44838506368,3.51948511534,3.51329808598
150,3.8695625061,3.96608910202,3.88769102291,3.89988222809,3.94997147752,3.97999676081,3.92562751055,3.87926847199,3.93205219045,3.93840332651
165,4.34159798562,4.30731332533,4.29336431891,4.32558589875,4.40368685168,4.33479301581,4.31150117209,4.33022793494,4.35069627697,4.42850675084
180,4.58912247493,4.6702015304,4.76122579869,4.82643965818,4.71704911445,4.69556537442,4.76569199378,4.77372617441,4.74903373937,4.71242473824
195,5.20782125828,5.0631630014,5.18241480488,5.19756908787,5.14026092666,5.12046799558,5.17209936001,5.20885680447,5.12454311997,5.11980992478
210,5.56621124982,5.51315842376,5.5795427556,5.65392806742,5.46278233091,5.54755402109,5.63056390937,5.52461698606,5.57786256025,5.55017673469
225,5.90448241712,5.91743725447,5.99402619187,5.97770355456,5.92082245038,5.96863849108,6.01847282887,5.92068344492,5.94369235856,6.02356463014
240,6.33644035776,6.44381355708,6.29444755242,6.36881020258,6.43680272411,6.30305490035,6.38706395245,6.44043362554,6.29887524715,6.36921850288
255,6.74440758606,6.77684896765,6.76889804836,6.71291312621,6.84798394415,6.74687854488,6.76973488726,6.80956011208,6.73214169015,6.76970223541
