-255,-6.67545591888,-6.63948775599,-6.63898154404,-6.66014754888,-6.61378048098,-6.66440728003,-6.67827284293,-6.63049337835,-6.6228992741,-6.6672556415
-240,-6.31869812946,-6.17783617407,-6.29433930367,-6.29808321387,-6.2286424949,-6.2634804884,-6.29149399629,-6.24194856483,-6.30348760476,-6.28202317356
-225,-5.92770958312,-5.81049856121,-5.86671629184,-5.92114365647,-5.875947554,-5.86309649258,-5.88922082112,-5.90093239196,-5.8640325845,-5.8857217427
-210,-5.51740585392,-5.50730674368,-5.44694884519,-5.52152062076,-5.52373127006,-5.43325183311,-5.50831874267,-5.54871079434,-5.41716577817,-5.49661447567
-195,-5.07910382393,-5.05394020083,-5.10379536708,-5.11490043127,-5.07431012269,-5.07669217597,-5.10295672846,-5.15027647869,-5.03074052301,-5.08989298295
-180,-4.73999026115,-4.6228630296,-4.69798037138,-4.71012263394,-4.70599724556,-4.6481196958,-4.71160940748,-4.67781808807,-4.75572724922,-4.60733812651
-165,-4.30130354154,-4.33172673906,-4.23148551898,-4.28037283115,-4.30901339581,-4.29592182115,-4.2929993591,-4.26883988884,-4.32661786358,-4.27450835982
-150,-3.85657466264,-3.9213386466,-3.86545878148,-3.8932018103,-3.8770645464,-3.88485537073,-3.88364512836,-3.9002651484,-3.89245962822,-3.86604735078
-135,-3.4192824067,-3.49708743561,-3.4961478354,-3.48723562144,-3.46976436052,-3.48965041994,-3.48620461537,-3.49629225755,-3.54297678622,-3.42162219435
-120,-3.0740103459,-3.09209274325,-3.08041147297,-3.15179876369,-3.00483531801,-3.08039456277,-3.06245805026,-3.12851812465,-3.04606563213,-3.16125536791
-105,-2.65422243591,-2.66386274617,-2.65864934809,-2.69268472484,-2.66833459585,-2.68232863497,-2.75546040769,-2.6095922084,-2.65977490326,-2.66610873265
-90,-2.32242290057,-2.26576858079,-2.29264410547,-2.27479535201,-2.3094124069,-2.21536615627,-2.27429217705,-2.25437984043,-2.26574279492,-2.28348287097
-75,-1.86094131709,-1.89271376176,-1.86507082992,-1.8424287559,-1.85153385825,-1.84936097599,-1.85101501062,-1.87507423717,-1.86988179987,-1.86985386237
-60,-1.4624776859,-1.51622726447,-1.4438311858,-1.41200880361,-1.43967981882,-1.44765003121,-1.46225090062,-1.45426521486,-1.45565922632,-1.46102078231
-45,-1.05014623982,-1.0435213254,-1.10319770013,-1.06423448401,-1.02534230306,-1.02452523893,-0.997869258008,-1.04362971112,-1.03906274044,-1.04985002516
-30,-0.613302854514,-0.624807845693,-0.624860642736,-0.624800261569,-0.620270111127,-0.622525711078,-0.629442921063,-0.622414123704,-0.624868646219,-0.631674659593
-15,-0.199129005146,-0.199063855281,-0.194580399521,-0.209054980635,-0.187643956172,-0.20372567167,-0.201389044045,-0.204460365676,-0.201400505581,-0.195261793322
0,-0.00229695646026,0.0,0.0,0.0,0.0,0.0,0.0,0.0,0.00229720413231,-0.00228875120271
15,0.0,0.0,0.0,0.0,0.0,0.0,0.0,0.0,0.0,0.0
30,0.542422843859,0.553615917146,0.562923860651,0.572180880478,0.556271421317,0.560509001434,0.583543126621,0.613063431737,0.583941898137,0.558238541086
45,0.98383753845,0.979110260321,1.01840299414,1.0024609026,1.01844574149,1.01069403431,1.02084114075,1.00933353666,1.02292259813,1.026954379
60,1.4497790433,1.48182046403,1.43923028614,1.43505517473,1.38420306545,1.42019950522,1.42373087755,1.43344616085,1.44876302261,1.43588997452
75,1.85836681765,1.88153822142,1.89290701661,1.84010229256,1.77599638782,1.85377768888,1.83774099183,1.84246176208,1.84690659364,1.87172441588
90,2.27478888356,2.21321611244,2.27443672765,2.21557737772,2.24698172504,2.24951275152,2.27270407133,2.26469072389,2.29800103837,2.25196456071
105,2.63414086582,2.67376995063,2.65101328338,2.66834219109,2.70249988479,2.71087896534,2.60417273662,2.63655510091,2.655268771,2.68081999154
120,3.01123681089,3.07621074617,3.06219443377,3.08937233573,3.15653653643,3.05078815143,3.0280803251,3.06677169582,3.08521029073,3.10351391503
135,3.42357931297,3.49802592718,3.48262363194,3.51774803527,3.56850587354,3.52281181638,3.41330271362,3.49592528926,3.48359583049,3.55671936901
150,3.90604793437,3.95079777244,3.95104720934,3.84967953445,3.87707833692,3.92018456298,3.95819012744,3.88616129951,3.91795739865,3.88006821254
165,4.27553347159,4.21286150123,4.36913881911,4.37091463175,4.27738718436,4.25982607166,4.31871601036,4.33925308602,4.33193417003,4.27391645117
180,4.74852023551,4.66666742038,4.65869608132,4.76557183828,4.72387158639,4.69604304735,4.68233060513,4.73239003594,4.77775471455,4.63283455309
195,5.1426304429,5.03913175417,5.08098429153,5.18853268304,5.09325071174,5.04147328214,5.13105896274,5.14981711126,5.07888984121,5.09907649719
210,5.53687137692,5.4777969987,5.49212472548,5.55868224411,5.48805055387,5.51586676433,5.54331864208,5.52459100429,5.48376596387,5.53660340621
225,5.90737613023,5.94821329217,5.90015552829,5.91339266553,5.98510570202,5.83373212883,5.90885248545,5.98048217732,5.91189904527,5.88280919617
240,6.28841905273,6.30460410258,6.24525557524,6.38556135841,6.25065513269,6.30800542939,6.3284376016,6.30016110628,6.26225052428,6.37982789115
255,6.7228658452,6.70973078302,6.68209813645,6.78495433987,6.62524184671,6.72482408885,6.72372916801,6.70110234774,6.73860611934,6.74264186835
