-255,-6.61725521883,-6.65302108877,-6.6089382945,-6.65031612373,-6.64012549094,-6.59809889153,-6.67345423701,-6.63189034818,-6.61877654053,-6.67954936644
-240,-6.22594368677,-6.2599794929,-6.31462414947,-6.2320184428,-6.28729649594,-6.26529031209,-6.25497458402,-6.33563017201,-6.27398929705,-6.24527778709
-225,-5.89858607654,-5.82447400317,-5.88751003953,-5.91037279586,-5.86578974254,-5.89464262869,-5.94649293603,-5.80972155105,-5.9114998445,-5.93189448723
-210,-5.46962506968,-5.50447798282,-5.44641040581,-5.56347524546,-5.40121075237,-5.46553787207,-5.51855999953,-5.47837022715,-5.45648381887,-5.51363243062
-195,-5.09248592332,-5.09863759138,-5.0992142048,-5.09965696265,-5.06744659054,-5.11057055467,-5.0831175336,-5.08875046029,-5.12156931704,-5.13826107769
-180,-4.73493331087,-4.65236589521,-4.71179109003,-4.69480323687,-4.73958224416,-4.64561671069,-4.6737675728,-4.70202219469,-4.75173148361,-4.60880388406
-165,-4.33026689523,-4.24147542662,-4.27684531906,-4.31647114817,-4.30494517466,-4.28701095802,-4.28392778035,-4.32373403419,-4.32089903077,-4.24397881965
-150,-3.88964745794,-3.92520430249,-3.91662733846,-3.84698844363,-3.8974771031,-3.9102518879,-3.88965666157,-3.92786314613,-3.85632629329,-3.88228606488
-135,-3.49397263083,-3.5475668943,-3.44810093435,-3.47380779445,-3.47483360595,-3.52123172272,-3.48025711537,-3.51341307949,-3.4352102605,-3.49289526561
-120,-3.11047879775,-3.11953238517,-3.09456377849,-3.03207115319,-3.08257938774,-3.08562518679,-3.08952837877,-3.09216668119,-3.06225107715,-3.08060352726
-105,-2.65942483405,-2.67632307659,-2.66842191987,-2.66581478825,-2.70225689618,-2.67543785742,-2.70843654996,-2.72118578863,-2.60435058294,-2.66666646257
-90,-2.35481672309,-2.24097441615,-2.22111323539,-2.27564909649,-2.27478079296,-2.27723292136,-2.27981517001,-2.28541619133,-2.29783100808,-2.27423858239
-75,-1.86073222332,-1.86062235726,-1.86522852202,-1.87219315964,-1.87208128079,-1.87893640731,-1.87237245084,-1.8535680202,-1.86764889195,-1.86062103037
-60,-1.46485288342,-1.4509557453,-1.47155813843,-1.50012357316,-1.41662310681,-1.46032301078,-1.4486414051,-1.44957928011,-1.46710726914,-1.45777790789
-45,-1.05075285175,-1.05021775324,-1.05219763218,-1.0436928261,-1.0521442836,-1.05733385047,-1.12563645405,-1.04365198704,-0.98176600345,-1.0457755268
-30,-0.172292278064,-0.606499220261,-0.624810409337,-0.627093738554,-0.629507203825,-0.62931882508,-0.633953866049,-0.633900650243,-0.62950765261,-0.622419436481
-15,-0.192255784883,-0.18608070976,-0.194528213375,-0.192256879521,-0.19066508369,-0.194547312263,-0.194522955323,-0.196827422451,-0.196840166007,-0.195266394246
0,0.0,0.0,0.0,0.0,0.0,0.0,0.0,0.0,0.0,0.0
15,0.0,0.00228884728138,0.0,0.0,0.00228869095873,0.0,0.0,0.0,0.0,0.0
30,0.590453560377,0.592749450216,0.592818617748,0.583472347879,0.578964260443,0.604252241768,0.595073620425,0.567449939957,0.546851634857,0.599753088633
45,1.03201459865,1.01845153683,1.04298355311,1.03214087951,1.03221136992,1.04066468128,1.02517673922,1.05229306992,1.02532406795,1.04820405051
60,1.44079594268,1.39920213871,1.43714762109,1.46240797821,1.43724986249,1.45204142404,1.44627982123,1.43534723741,1.47008007095,1.46108234046
75,1.86256510576,1.80869604433,1.86106485297,1.85150620098,1.85855456924,1.86063569492,1.86981528579,1.87211989807,1.91363563174,1.84884533037
90,2.23760464205,2.25878210284,2.28631930798,2.28794669381,2.28647546979,2.31540815134,2.33933507768,2.22686145019,2.25421946427,2.28114976157
105,2.70625333084,2.71437010331,2.71656020092,2.67805612415,2.66682928038,2.67323097212,2.69124209339,2.70114531069,2.73846286813,2.71684626181
120,3.1075100212,3.12685460496,3.12605383516,3.12446758117,3.0571691189,3.08795158717,3.09869135747,3.15192386533,3.15372190267,3.10086960595
135,3.49370265267,3.5091923819,3.55390975858,3.59539403551,3.44892232176,3.48099245821,3.52491008043,3.52383564477,3.55415500387,3.56613063359
150,3.96720069531,3.92303679141,3.86857186935,3.93382316858,3.98697055669,3.9308222195,3.87329485645,3.91262209992,3.9507499736,3.98966808232
165,4.31600582469,4.34451652459,4.39632510782,4.2716579792,4.29884248641,4.33705394027,4.38576981859,4.3209686019,4.24775904655,4.34444112154
180,4.76252531584,4.79009727476,4.64985990514,4.68723908349,4.77844336938,4.73233281013,4.64923101775,4.7019537984,4.7607583035,4.77614659734
195,5.10153569981,5.12691212819,5.14296488199,5.07855460697,5.10213099079,5.21969081769,5.09030581867,5.03576991204,5.15861767716,5.15598787686
210,1.82435276222,5.51128787141,5.53854936959,5.52756225864,5.4944375359,5.52688982706,5.61235982558,5.43594654586,5.53262017127,5.59458301298
225,5.98878979207,5.85462973454,5.91134809435,6.00568743912,5.87926327239,5.93223210742,5.94855325453,5.90941687794,5.9016775432,5.97820114057
240,6.34315022648,6.29232321465,6.25509919219,6.38184240778,6.27528215439,6.27971674639,6.40455467585,6.28620670576,6.27360623631,6.40405195084
255,6.73712013594,6.74503137167,6.62551993628,6.75735122777,6.68824488502,6.6697816485,6.78537975364,6.71750455236,6.64866616205,6.77000565278
